stringID type x y demand readytime duedate servicetime rechargingrate 
D0 d 55.99 69.99 0.00 0.00 1730.22 0.00 0.00
S0 f 55.99 69.99 0.00 0.00 1730.22 0.00 4.75
S1 f 102.19 72.79 0.00 0.00 1730.22 0.00 4.75
S2 f 125.99 76.99 0.00 0.00 1730.22 0.00 4.75
S3 f 76.99 110.59 0.00 0.00 1730.22 0.00 4.75
S4 f 96.59 124.59 0.00 0.00 1730.22 0.00 4.75
S5 f 44.80 111.99 0.00 0.00 1730.22 0.00 4.75
S6 f 54.59 134.39 0.00 0.00 1730.22 0.00 4.75
S7 f 32.20 111.99 0.00 0.00 1730.22 0.00 4.75
S8 f 5.60 116.19 0.00 0.00 1730.22 0.00 4.75
S9 f 25.20 81.19 0.00 0.00 1730.22 0.00 4.75
S10 f 1.40 78.39 0.00 0.00 1730.22 0.00 4.75
S11 f 18.20 43.40 0.00 0.00 1730.22 0.00 4.75
S12 f -7.00 53.19 0.00 0.00 1730.22 0.00 4.75
S13 f 36.40 51.79 0.00 0.00 1730.22 0.00 4.75
S14 f 39.20 18.20 0.00 0.00 1730.22 0.00 4.75
S15 f 54.59 43.40 0.00 0.00 1730.22 0.00 4.75
S16 f 67.19 15.40 0.00 0.00 1730.22 0.00 4.75
S17 f 82.59 23.80 0.00 0.00 1730.22 0.00 4.75
S18 f 102.19 32.20 0.00 0.00 1730.22 0.00 4.75
S19 f 103.59 44.80 0.00 0.00 1730.22 0.00 4.75
S20 f 125.99 61.59 0.00 0.00 1730.22 0.00 4.75
C1 c 62.99 95.19 10.00 109.18 195.98 125.99 0.00
C2 c 62.99 97.99 30.00 698.52 774.12 125.99 0.00
C3 c 58.79 92.39 10.00 1208.06 1303.26 125.99 0.00
C4 c 58.79 95.19 10.00 817.51 918.30 125.99 0.00
C5 c 58.79 90.99 10.00 1329.85 1436.25 125.99 0.00
C6 c 55.99 96.59 20.00 956.09 1037.29 125.99 0.00
C7 c 55.99 92.39 20.00 0.00 1581.83 125.99 0.00
C8 c 53.19 95.19 20.00 1479.63 1574.83 125.99 0.00
C9 c 53.19 97.99 10.00 1341.05 1455.85 125.99 0.00
C10 c 48.99 92.39 10.00 1090.48 1182.88 125.99 0.00
C11 c 48.99 96.59 10.00 1216.46 1317.26 125.99 0.00
C12 c 35.00 118.99 20.00 246.37 319.17 125.99 0.00
C13 c 30.80 104.99 30.00 1458.64 1548.24 125.99 0.00
C14 c 30.80 118.99 10.00 368.15 457.75 125.99 0.00
C15 c 28.00 111.99 40.00 0.00 1552.44 125.99 0.00
C16 c 28.00 118.99 40.00 501.14 582.34 125.99 0.00
C17 c 25.20 104.99 20.00 886.10 995.30 125.99 0.00
C18 c 21.00 104.99 20.00 0.00 1553.83 125.99 0.00
C19 c 21.00 111.99 10.00 636.93 718.13 125.99 0.00
C20 c 42.00 69.99 10.00 0.00 1590.23 125.99 0.00
C21 c 42.00 72.79 20.00 15.39 102.19 125.99 0.00
C22 c 39.20 72.79 20.00 0.00 1586.03 125.99 0.00
C23 c 39.20 76.99 10.00 18.19 97.99 125.99 0.00
C24 c 35.00 69.99 10.00 0.00 1583.23 125.99 0.00
C25 c 35.00 72.79 40.00 221.17 324.77 125.99 0.00
C26 c 35.00 76.99 10.00 940.69 1041.49 125.99 0.00
C27 c 32.20 72.79 10.00 368.15 435.36 125.99 0.00
C28 c 32.20 76.99 20.00 613.13 713.93 125.99 0.00
C29 c 28.00 69.99 10.00 0.00 1576.23 125.99 0.00
C30 c 28.00 76.99 10.00 0.00 1574.83 125.99 0.00
C31 c 14.00 48.99 20.00 0.00 1556.63 125.99 0.00
C32 c 14.00 55.99 30.00 0.00 1559.43 125.99 0.00
C33 c 11.20 55.99 40.00 496.94 611.74 125.99 0.00
C34 c 11.20 62.99 20.00 0.00 1558.03 125.99 0.00
C35 c 7.00 48.99 10.00 916.89 1014.89 125.99 0.00
C36 c 7.00 62.99 10.00 0.00 1553.83 125.99 0.00
C37 c 2.80 55.99 20.00 796.51 866.51 125.99 0.00
C38 c 0.00 55.99 30.00 660.72 744.72 125.99 0.00
C39 c 0.00 62.99 20.00 523.54 615.94 125.99 0.00
C40 c 48.99 42.00 10.00 200.17 278.57 125.99 0.00
C41 c 48.99 44.80 10.00 68.59 152.59 125.99 0.00
C42 c 46.19 44.80 20.00 334.56 404.56 125.99 0.00
C43 c 46.19 48.99 10.00 1104.47 1188.47 125.99 0.00
C44 c 44.80 42.00 10.00 454.95 541.75 125.99 0.00
C45 c 42.00 42.00 10.00 589.33 664.93 125.99 0.00
C46 c 42.00 44.80 30.00 841.30 930.90 125.99 0.00
C47 c 42.00 48.99 10.00 977.09 1055.49 125.99 0.00
C48 c 39.20 42.00 10.00 0.00 1570.63 125.99 0.00
C49 c 39.20 48.99 10.00 1415.24 1502.04 125.99 0.00
C50 c 36.40 44.80 10.00 0.00 1572.03 125.99 0.00
C51 c 35.00 42.00 10.00 0.00 1569.23 125.99 0.00
C52 c 35.00 48.99 10.00 0.00 1573.43 125.99 0.00
C53 c 61.59 7.00 20.00 611.73 715.33 125.99 0.00
C54 c 58.79 14.00 40.00 1133.87 1215.07 125.99 0.00
C55 c 58.79 21.00 10.00 1266.86 1348.06 125.99 0.00
C56 c 55.99 7.00 30.00 489.94 573.94 125.99 0.00
C57 c 55.99 21.00 40.00 1384.44 1488.04 125.99 0.00
C58 c 53.19 7.00 30.00 358.36 447.96 125.99 0.00
C59 c 53.19 21.00 10.00 92.38 173.59 125.99 0.00
C60 c 48.99 7.00 20.00 233.77 312.17 125.99 0.00
C61 c 69.99 42.00 10.00 1371.84 1489.44 125.99 0.00
C62 c 69.99 48.99 20.00 236.57 320.57 125.99 0.00
C63 c 69.99 55.99 50.00 0.00 1583.23 125.99 0.00
C64 c 67.19 42.00 10.00 0.00 1573.43 125.99 0.00
C65 c 67.19 55.99 10.00 93.78 194.58 125.99 0.00
C66 c 65.79 48.99 10.00 1495.03 1580.43 125.99 0.00
C67 c 65.79 55.99 10.00 18.19 123.19 125.99 0.00
C68 c 62.99 42.00 10.00 495.54 587.94 125.99 0.00
C69 c 62.99 48.99 10.00 627.13 722.33 125.99 0.00
C70 c 132.99 42.00 30.00 545.94 621.54 125.99 0.00
C71 c 132.99 48.99 20.00 673.32 760.12 125.99 0.00
C72 c 74.19 42.00 10.00 1265.46 1335.46 125.99 0.00
C73 c 128.79 42.00 10.00 401.75 505.35 125.99 0.00
C74 c 74.19 48.99 50.00 109.18 198.78 125.99 0.00
C75 c 62.99 90.99 20.00 0.00 1581.83 125.99 0.00
C76 c 125.99 48.99 10.00 804.91 894.51 125.99 0.00
C77 c 123.19 42.00 10.00 747.51 839.91 125.99 0.00
C78 c 123.19 48.99 20.00 0.00 1532.84 125.99 0.00
C79 c 121.79 42.00 10.00 0.00 1531.44 125.99 0.00
C80 c 118.99 35.00 10.00 891.70 964.50 125.99 0.00
C81 c 118.99 48.99 30.00 1065.28 1152.08 125.99 0.00
C82 c 104.99 76.99 20.00 642.52 740.52 125.99 0.00
C83 c 100.79 76.99 10.00 778.31 865.11 125.99 0.00
C84 c 97.99 81.19 20.00 909.90 993.90 125.99 0.00
C85 c 95.19 83.99 30.00 1031.68 1132.48 125.99 0.00
C86 c 92.39 76.99 10.00 242.17 337.37 125.99 0.00
C87 c 90.99 76.99 20.00 0.00 1567.83 125.99 0.00
C88 c 90.99 83.99 30.00 1171.67 1252.87 125.99 0.00
C89 c 88.19 81.19 10.00 1300.45 1384.45 125.99 0.00
C90 c 83.99 76.99 10.00 29.39 117.59 125.99 0.00
C91 c 83.99 83.99 10.00 1413.84 1534.24 125.99 0.00
C92 c 93.79 118.99 20.00 642.52 726.53 125.99 0.00
C93 c 90.99 118.99 40.00 764.31 862.31 125.99 0.00
C94 c 90.99 114.79 10.00 0.00 1546.84 125.99 0.00
C95 c 86.79 111.99 30.00 0.00 1551.04 125.99 0.00
C96 c 83.99 111.99 10.00 247.77 340.17 125.99 0.00
C97 c 83.99 118.99 30.00 902.90 989.70 125.99 0.00
C98 c 81.19 104.99 20.00 0.00 1560.83 125.99 0.00
C99 c 76.99 111.99 10.00 1170.27 1254.27 125.99 0.00
C100 c 76.99 118.99 20.00 1041.48 1117.08 125.99 0.00

id name type capacity fuel battery energy cost 
1 Small|ICEV ICEV 100.00 0.19 0.00 0.00 153.00
2 Medium|ICEV ICEV 150.00 0.24 0.00 0.00 159.00
3 Large|ICEV ICEV 200.00 0.30 0.00 0.00 169.00
4 Small|PHEV PHEV 100.00 0.22 19.92 0.71 159.00
5 Medium|PHEV PHEV 150.00 0.28 28.46 0.88 166.00
6 Large|PHEV PHEV 200.00 0.32 37.00 0.95 178.00
7 Small|BEV BEV 100.00 0.00 56.92 0.76 159.00
8 Medium|BEV BEV 150.00 0.00 68.31 0.93 167.00
9 Large|BEV BEV 200.00 0.00 79.69 1.00 179.00

costOf value
fossil-fuel 2.0
electricity 0.3
