stringID type x y demand readytime duedate servicetime rechargingrate 
D0 d 55.99 69.99 0.00 0.00 1730.22 0.00 0.00
S0 f 55.99 69.99 0.00 0.00 1730.22 0.00 4.75
S1 f 102.19 72.79 0.00 0.00 1730.22 0.00 4.75
S2 f 125.99 76.99 0.00 0.00 1730.22 0.00 4.75
S3 f 76.99 110.59 0.00 0.00 1730.22 0.00 4.75
S4 f 96.59 124.59 0.00 0.00 1730.22 0.00 4.75
S5 f 44.80 111.99 0.00 0.00 1730.22 0.00 4.75
S6 f 54.59 134.39 0.00 0.00 1730.22 0.00 4.75
S7 f 32.20 111.99 0.00 0.00 1730.22 0.00 4.75
S8 f 5.60 116.19 0.00 0.00 1730.22 0.00 4.75
S9 f 25.20 81.19 0.00 0.00 1730.22 0.00 4.75
S10 f 1.40 78.39 0.00 0.00 1730.22 0.00 4.75
S11 f 18.20 43.40 0.00 0.00 1730.22 0.00 4.75
S12 f -7.00 53.19 0.00 0.00 1730.22 0.00 4.75
S13 f 36.40 51.79 0.00 0.00 1730.22 0.00 4.75
S14 f 39.20 18.20 0.00 0.00 1730.22 0.00 4.75
S15 f 54.59 43.40 0.00 0.00 1730.22 0.00 4.75
S16 f 67.19 15.40 0.00 0.00 1730.22 0.00 4.75
S17 f 82.59 23.80 0.00 0.00 1730.22 0.00 4.75
S18 f 102.19 32.20 0.00 0.00 1730.22 0.00 4.75
S19 f 103.59 44.80 0.00 0.00 1730.22 0.00 4.75
S20 f 125.99 61.59 0.00 0.00 1730.22 0.00 4.75
C1 c 62.99 95.19 10.00 64.39 240.78 125.99 0.00
C2 c 62.99 97.99 30.00 659.32 813.32 125.99 0.00
C3 c 58.79 92.39 10.00 1160.47 1350.86 125.99 0.00
C4 c 58.79 95.19 10.00 767.11 968.70 125.99 0.00
C5 c 58.79 90.99 10.00 1276.66 1489.44 125.99 0.00
C6 c 55.99 96.59 20.00 914.09 1079.29 125.99 0.00
C7 c 55.99 92.39 20.00 1040.08 1213.67 125.99 0.00
C8 c 53.19 95.19 20.00 1387.24 1577.63 125.99 0.00
C9 c 53.19 97.99 10.00 1283.65 1513.24 125.99 0.00
C10 c 48.99 92.39 10.00 1044.28 1229.07 125.99 0.00
C11 c 48.99 96.59 10.00 1167.47 1366.26 125.99 0.00
C12 c 35.00 118.99 20.00 208.57 356.97 125.99 0.00
C13 c 30.80 104.99 30.00 1380.24 1560.83 125.99 0.00
C14 c 30.80 118.99 10.00 323.36 502.55 125.99 0.00
C15 c 28.00 111.99 40.00 1010.68 1136.68 125.99 0.00
C16 c 28.00 118.99 40.00 460.54 622.94 125.99 0.00
C17 c 25.20 104.99 20.00 831.50 1049.89 125.99 0.00
C18 c 21.00 104.99 20.00 747.51 873.51 125.99 0.00
C19 c 21.00 111.99 10.00 596.33 758.72 125.99 0.00
C20 c 42.00 69.99 10.00 13.99 181.99 125.99 0.00
C21 c 42.00 72.79 20.00 15.39 188.98 125.99 0.00
C22 c 39.20 72.79 20.00 60.19 225.38 125.99 0.00
C23 c 39.20 76.99 10.00 18.19 177.79 125.99 0.00
C24 c 35.00 69.99 10.00 53.19 240.78 125.99 0.00
C25 c 35.00 72.79 40.00 169.38 376.56 125.99 0.00
C26 c 35.00 76.99 10.00 891.70 1090.49 125.99 0.00
C27 c 32.20 72.79 10.00 335.96 467.55 125.99 0.00
C28 c 32.20 76.99 20.00 562.73 764.32 125.99 0.00
C29 c 28.00 69.99 10.00 207.17 352.77 125.99 0.00
C30 c 28.00 76.99 10.00 459.14 607.54 125.99 0.00
C31 c 14.00 48.99 20.00 617.33 760.12 125.99 0.00
C32 c 14.00 55.99 30.00 331.76 519.35 125.99 0.00
C33 c 11.20 55.99 40.00 439.55 669.13 125.99 0.00
C34 c 11.20 62.99 20.00 237.97 375.16 125.99 0.00
C35 c 7.00 48.99 10.00 867.90 1063.89 125.99 0.00
C36 c 7.00 62.99 10.00 341.56 531.95 125.99 0.00
C37 c 2.80 55.99 20.00 761.51 901.51 125.99 0.00
C38 c 0.00 55.99 30.00 617.33 788.12 125.99 0.00
C39 c 0.00 62.99 20.00 478.74 660.73 125.99 0.00
C40 c 48.99 42.00 10.00 159.58 319.17 125.99 0.00
C41 c 48.99 44.80 10.00 26.59 194.58 125.99 0.00
C42 c 46.19 44.80 20.00 298.16 440.96 125.99 0.00
C43 c 46.19 48.99 10.00 1062.48 1230.47 125.99 0.00
C44 c 44.80 42.00 10.00 411.55 585.14 125.99 0.00
C45 c 42.00 42.00 10.00 551.53 702.73 125.99 0.00
C46 c 42.00 44.80 30.00 796.51 975.70 125.99 0.00
C47 c 42.00 48.99 10.00 937.89 1094.69 125.99 0.00
C48 c 39.20 42.00 10.00 676.12 835.71 125.99 0.00
C49 c 39.20 48.99 10.00 1371.84 1545.44 125.99 0.00
C50 c 36.40 44.80 10.00 1255.66 1401.25 125.99 0.00
C51 c 35.00 42.00 10.00 1105.87 1290.66 125.99 0.00
C52 c 35.00 48.99 10.00 1404.04 1573.43 125.99 0.00
C53 c 61.59 7.00 20.00 558.53 768.52 125.99 0.00
C54 c 58.79 14.00 40.00 1094.68 1254.27 125.99 0.00
C55 c 58.79 21.00 10.00 1226.26 1388.65 125.99 0.00
C56 c 55.99 7.00 30.00 447.95 615.94 125.99 0.00
C57 c 55.99 21.00 40.00 1332.65 1539.84 125.99 0.00
C58 c 53.19 7.00 30.00 313.56 492.75 125.99 0.00
C59 c 53.19 21.00 10.00 51.79 214.18 125.99 0.00
C60 c 48.99 7.00 20.00 193.17 352.77 125.99 0.00
C61 c 69.99 42.00 10.00 1311.65 1549.64 125.99 0.00
C62 c 69.99 48.99 20.00 194.57 362.57 125.99 0.00
C63 c 69.99 55.99 50.00 20.99 216.98 125.99 0.00
C64 c 67.19 42.00 10.00 324.76 498.35 125.99 0.00
C65 c 67.19 55.99 10.00 43.39 244.98 125.99 0.00
C66 c 65.79 48.99 10.00 1408.24 1580.43 125.99 0.00
C67 c 65.79 55.99 10.00 18.19 226.78 125.99 0.00
C68 c 62.99 42.00 10.00 449.35 634.14 125.99 0.00
C69 c 62.99 48.99 10.00 578.13 771.32 125.99 0.00
C70 c 132.99 42.00 30.00 508.14 659.33 125.99 0.00
C71 c 132.99 48.99 20.00 629.93 803.52 125.99 0.00
C72 c 74.19 42.00 10.00 1230.46 1370.45 125.99 0.00
C73 c 128.79 42.00 10.00 349.96 557.14 125.99 0.00
C74 c 74.19 48.99 50.00 64.39 243.58 125.99 0.00
C75 c 62.99 90.99 20.00 22.39 233.78 125.99 0.00
C76 c 125.99 48.99 10.00 760.11 939.30 125.99 0.00
C77 c 123.19 42.00 10.00 701.32 886.11 125.99 0.00
C78 c 123.19 48.99 20.00 887.50 1069.49 125.99 0.00
C79 c 121.79 42.00 10.00 580.93 751.72 125.99 0.00
C80 c 118.99 35.00 10.00 853.90 1002.30 125.99 0.00
C81 c 118.99 48.99 30.00 1021.88 1195.47 125.99 0.00
C82 c 104.99 76.99 20.00 593.53 789.52 125.99 0.00
C83 c 100.79 76.99 10.00 734.91 908.51 125.99 0.00
C84 c 97.99 81.19 20.00 867.90 1035.89 125.99 0.00
C85 c 95.19 83.99 30.00 979.89 1184.28 125.99 0.00
C86 c 92.39 76.99 10.00 194.57 384.96 125.99 0.00
C87 c 90.99 76.99 20.00 79.79 244.98 125.99 0.00
C88 c 90.99 83.99 30.00 1129.67 1294.86 125.99 0.00
C89 c 88.19 81.19 10.00 1258.46 1426.45 125.99 0.00
C90 c 83.99 76.99 10.00 29.39 207.18 125.99 0.00
C91 c 83.99 83.99 10.00 1332.65 1572.03 125.99 0.00
C92 c 93.79 118.99 20.00 599.13 769.92 125.99 0.00
C93 c 90.99 118.99 40.00 713.92 912.71 125.99 0.00
C94 c 90.99 114.79 10.00 475.94 629.94 125.99 0.00
C95 c 86.79 111.99 30.00 345.76 499.75 125.99 0.00
C96 c 83.99 111.99 10.00 200.17 387.76 125.99 0.00
C97 c 83.99 118.99 30.00 859.50 1033.09 125.99 0.00
C98 c 81.19 104.99 20.00 205.77 393.36 125.99 0.00
C99 c 76.99 111.99 10.00 1126.87 1297.66 125.99 0.00
C100 c 76.99 118.99 20.00 1003.69 1154.88 125.99 0.00

id name type capacity fuel battery energy cost 
1 Small|ICEV ICEV 100.00 0.19 0.00 0.00 153.00
2 Medium|ICEV ICEV 150.00 0.24 0.00 0.00 159.00
3 Large|ICEV ICEV 200.00 0.30 0.00 0.00 169.00
4 Small|PHEV PHEV 100.00 0.22 19.92 0.71 159.00
5 Medium|PHEV PHEV 150.00 0.28 28.46 0.88 166.00
6 Large|PHEV PHEV 200.00 0.32 37.00 0.95 178.00
7 Small|BEV BEV 100.00 0.00 56.92 0.76 159.00
8 Medium|BEV BEV 150.00 0.00 68.31 0.93 167.00
9 Large|BEV BEV 200.00 0.00 79.69 1.00 179.00

costOf value
fossil-fuel 2.0
electricity 0.3
