stringID type x y demand readytime duedate servicetime rechargingrate 
D0 d 55.99 69.99 0.00 0.00 1730.22 0.00 0.00
S0 f 55.99 69.99 0.00 0.00 1730.22 0.00 4.75
S1 f 102.19 72.79 0.00 0.00 1730.22 0.00 4.75
S2 f 125.99 76.99 0.00 0.00 1730.22 0.00 4.75
S3 f 76.99 110.59 0.00 0.00 1730.22 0.00 4.75
S4 f 96.59 124.59 0.00 0.00 1730.22 0.00 4.75
S5 f 44.80 111.99 0.00 0.00 1730.22 0.00 4.75
S6 f 54.59 134.39 0.00 0.00 1730.22 0.00 4.75
S7 f 32.20 111.99 0.00 0.00 1730.22 0.00 4.75
S8 f 5.60 116.19 0.00 0.00 1730.22 0.00 4.75
S9 f 25.20 81.19 0.00 0.00 1730.22 0.00 4.75
S10 f 1.40 78.39 0.00 0.00 1730.22 0.00 4.75
S11 f 18.20 43.40 0.00 0.00 1730.22 0.00 4.75
S12 f -7.00 53.19 0.00 0.00 1730.22 0.00 4.75
S13 f 36.40 51.79 0.00 0.00 1730.22 0.00 4.75
S14 f 39.20 18.20 0.00 0.00 1730.22 0.00 4.75
S15 f 54.59 43.40 0.00 0.00 1730.22 0.00 4.75
S16 f 67.19 15.40 0.00 0.00 1730.22 0.00 4.75
S17 f 82.59 23.80 0.00 0.00 1730.22 0.00 4.75
S18 f 102.19 32.20 0.00 0.00 1730.22 0.00 4.75
S19 f 103.59 44.80 0.00 0.00 1730.22 0.00 4.75
S20 f 125.99 61.59 0.00 0.00 1730.22 0.00 4.75
C1 c 62.99 95.19 10.00 26.59 379.36 125.99 0.00
C2 c 62.99 97.99 30.00 583.73 888.91 125.99 0.00
C3 c 58.79 92.39 10.00 1063.88 1447.45 125.99 0.00
C4 c 58.79 95.19 10.00 666.32 1069.49 125.99 0.00
C5 c 58.79 90.99 10.00 1152.07 1581.83 125.99 0.00
C6 c 55.99 96.59 20.00 831.50 1161.88 125.99 0.00
C7 c 55.99 92.39 20.00 951.89 1301.86 125.99 0.00
C8 c 53.19 95.19 20.00 1195.46 1577.63 125.99 0.00
C9 c 53.19 97.99 10.00 1111.47 1574.83 125.99 0.00
C10 c 48.99 92.39 10.00 950.49 1322.86 125.99 0.00
C11 c 48.99 96.59 10.00 1066.68 1467.04 125.99 0.00
C12 c 35.00 118.99 20.00 134.38 431.16 125.99 0.00
C13 c 30.80 104.99 30.00 1201.06 1560.83 125.99 0.00
C14 c 30.80 118.99 10.00 232.37 593.54 125.99 0.00
C15 c 28.00 111.99 40.00 947.69 1199.67 125.99 0.00
C16 c 28.00 118.99 40.00 377.95 705.53 125.99 0.00
C17 c 25.20 104.99 20.00 722.32 1159.08 125.99 0.00
C18 c 21.00 104.99 20.00 685.92 935.10 125.99 0.00
C19 c 21.00 111.99 10.00 513.74 841.31 125.99 0.00
C20 c 42.00 69.99 10.00 13.99 348.57 125.99 0.00
C21 c 42.00 72.79 20.00 15.39 362.57 125.99 0.00
C22 c 39.20 72.79 20.00 18.19 349.97 125.99 0.00
C23 c 39.20 76.99 10.00 18.19 337.37 125.99 0.00
C24 c 35.00 69.99 10.00 20.99 396.16 125.99 0.00
C25 c 35.00 72.79 40.00 64.39 481.55 125.99 0.00
C26 c 35.00 76.99 10.00 790.91 1191.27 125.99 0.00
C27 c 32.20 72.79 10.00 268.77 534.75 125.99 0.00
C28 c 32.20 76.99 20.00 460.54 866.51 125.99 0.00
C29 c 28.00 69.99 10.00 135.78 424.16 125.99 0.00
C30 c 28.00 76.99 10.00 386.35 680.33 125.99 0.00
C31 c 14.00 48.99 20.00 544.54 832.91 125.99 0.00
C32 c 14.00 55.99 30.00 237.97 613.14 125.99 0.00
C33 c 11.20 55.99 40.00 324.76 783.92 125.99 0.00
C34 c 11.20 62.99 20.00 167.98 445.16 125.99 0.00
C35 c 7.00 48.99 10.00 769.91 1161.88 125.99 0.00
C36 c 7.00 62.99 10.00 246.37 627.14 125.99 0.00
C37 c 2.80 55.99 20.00 692.92 970.10 125.99 0.00
C38 c 0.00 55.99 30.00 531.94 873.51 125.99 0.00
C39 c 0.00 62.99 20.00 386.35 753.12 125.99 0.00
C40 c 48.99 42.00 10.00 81.19 397.56 125.99 0.00
C41 c 48.99 44.80 10.00 26.59 363.97 125.99 0.00
C42 c 46.19 44.80 20.00 226.77 512.35 125.99 0.00
C43 c 46.19 48.99 10.00 978.49 1314.46 125.99 0.00
C44 c 44.80 42.00 10.00 323.36 673.33 125.99 0.00
C45 c 42.00 42.00 10.00 474.54 779.72 125.99 0.00
C46 c 42.00 44.80 30.00 705.52 1066.69 125.99 0.00
C47 c 42.00 48.99 10.00 859.50 1173.08 125.99 0.00
C48 c 39.20 42.00 10.00 594.93 916.90 125.99 0.00
C49 c 39.20 48.99 10.00 1226.26 1576.23 125.99 0.00
C50 c 36.40 44.80 10.00 1181.47 1475.44 125.99 0.00
C51 c 35.00 42.00 10.00 1012.08 1384.45 125.99 0.00
C52 c 35.00 48.99 10.00 1236.06 1573.43 125.99 0.00
C53 c 61.59 7.00 20.00 453.55 873.51 125.99 0.00
C54 c 58.79 14.00 40.00 1013.48 1335.46 125.99 0.00
C55 c 58.79 21.00 10.00 1143.67 1471.24 125.99 0.00
C56 c 55.99 7.00 30.00 365.35 698.53 125.99 0.00
C57 c 55.99 21.00 40.00 1138.07 1555.23 125.99 0.00
C58 c 53.19 7.00 30.00 222.57 583.74 125.99 0.00
C59 c 53.19 21.00 10.00 50.39 376.56 125.99 0.00
C60 c 48.99 7.00 20.00 153.98 474.55 125.99 0.00
C61 c 69.99 42.00 10.00 1097.47 1572.03 125.99 0.00
C62 c 69.99 48.99 20.00 110.58 446.56 125.99 0.00
C63 c 69.99 55.99 50.00 20.99 412.96 125.99 0.00
C64 c 67.19 42.00 10.00 237.97 585.14 125.99 0.00
C65 c 67.19 55.99 10.00 18.19 422.76 125.99 0.00
C66 c 65.79 48.99 10.00 1237.46 1580.43 125.99 0.00
C67 c 65.79 55.99 10.00 18.19 436.76 125.99 0.00
C68 c 62.99 42.00 10.00 355.56 727.93 125.99 0.00
C69 c 62.99 48.99 10.00 481.54 867.91 125.99 0.00
C70 c 132.99 42.00 30.00 432.55 734.92 125.99 0.00
C71 c 132.99 48.99 20.00 541.74 891.71 125.99 0.00
C72 c 74.19 42.00 10.00 1159.07 1441.85 125.99 0.00
C73 c 128.79 42.00 10.00 261.77 678.93 125.99 0.00
C74 c 74.19 48.99 50.00 27.99 386.36 125.99 0.00
C75 c 62.99 90.99 20.00 22.39 443.76 125.99 0.00
C76 c 125.99 48.99 10.00 670.52 1028.89 125.99 0.00
C77 c 123.19 42.00 10.00 608.93 978.50 125.99 0.00
C78 c 123.19 48.99 20.00 796.51 1160.48 125.99 0.00
C79 c 121.79 42.00 10.00 496.94 835.71 125.99 0.00
C80 c 118.99 35.00 10.00 779.71 1076.49 125.99 0.00
C81 c 118.99 48.99 30.00 933.69 1283.66 125.99 0.00
C82 c 104.99 76.99 20.00 496.94 886.11 125.99 0.00
C83 c 100.79 76.99 10.00 648.12 995.30 125.99 0.00
C84 c 97.99 81.19 20.00 783.91 1119.88 125.99 0.00
C85 c 95.19 83.99 30.00 879.10 1285.06 125.99 0.00
C86 c 92.39 76.99 10.00 99.38 480.15 125.99 0.00
C87 c 90.99 76.99 20.00 36.39 368.16 125.99 0.00
C88 c 90.99 83.99 30.00 1047.08 1377.45 125.99 0.00
C89 c 88.19 81.19 10.00 1173.07 1511.84 125.99 0.00
C90 c 83.99 76.99 10.00 29.39 383.56 125.99 0.00
C91 c 83.99 83.99 10.00 1093.28 1572.03 125.99 0.00
C92 c 93.79 118.99 20.00 513.74 855.31 125.99 0.00
C93 c 90.99 118.99 40.00 614.53 1012.09 125.99 0.00
C94 c 90.99 114.79 10.00 397.55 708.33 125.99 0.00
C95 c 86.79 111.99 30.00 267.37 578.14 125.99 0.00
C96 c 83.99 111.99 10.00 104.98 482.95 125.99 0.00
C97 c 83.99 118.99 30.00 771.31 1121.28 125.99 0.00
C98 c 81.19 104.99 20.00 111.98 487.15 125.99 0.00
C99 c 76.99 111.99 10.00 1041.48 1383.05 125.99 0.00
C100 c 76.99 118.99 20.00 926.69 1231.87 125.99 0.00

id name type capacity fuel battery energy cost 
1 Small|ICEV ICEV 100.00 0.19 0.00 0.00 153.00
2 Medium|ICEV ICEV 150.00 0.24 0.00 0.00 159.00
3 Large|ICEV ICEV 200.00 0.30 0.00 0.00 169.00
4 Small|PHEV PHEV 100.00 0.22 19.92 0.71 159.00
5 Medium|PHEV PHEV 150.00 0.28 28.46 0.88 166.00
6 Large|PHEV PHEV 200.00 0.32 37.00 0.95 178.00
7 Small|BEV BEV 100.00 0.00 56.92 0.76 159.00
8 Medium|BEV BEV 150.00 0.00 68.31 0.93 167.00
9 Large|BEV BEV 200.00 0.00 79.69 1.00 179.00

costOf value
fossil-fuel 2.0
electricity 0.3
