stringID type x y demand readytime duedate servicetime rechargingrate 
D0 d 59.91 59.91 0.00 0.00 393.70 0.00 0.00
S0 f 59.91 59.91 0.00 0.00 393.70 0.00 0.79
S1 f 104.42 63.33 0.00 0.00 393.70 0.00 0.79
S2 f 126.67 66.76 0.00 0.00 393.70 0.00 0.79
S3 f 80.45 97.57 0.00 0.00 393.70 0.00 0.79
S4 f 97.57 111.26 0.00 0.00 393.70 0.00 0.79
S5 f 49.64 100.99 0.00 0.00 393.70 0.00 0.79
S6 f 58.20 121.53 0.00 0.00 393.70 0.00 0.79
S7 f 37.66 99.28 0.00 0.00 393.70 0.00 0.79
S8 f 11.98 104.42 0.00 0.00 393.70 0.00 0.79
S9 f 30.81 70.18 0.00 0.00 393.70 0.00 0.79
S10 f 8.56 66.76 0.00 0.00 393.70 0.00 0.79
S11 f 23.96 34.23 0.00 0.00 393.70 0.00 0.79
S12 f 0.00 44.51 0.00 0.00 393.70 0.00 0.79
S13 f 41.08 42.79 0.00 0.00 393.70 0.00 0.79
S14 f 44.51 10.27 0.00 0.00 393.70 0.00 0.79
S15 f 58.20 34.23 0.00 0.00 393.70 0.00 0.79
S16 f 70.18 8.56 0.00 0.00 393.70 0.00 0.79
S17 f 85.59 15.41 0.00 0.00 393.70 0.00 0.79
S18 f 104.42 23.96 0.00 0.00 393.70 0.00 0.79
S19 f 106.13 35.95 0.00 0.00 393.70 0.00 0.79
S20 f 126.67 51.35 0.00 0.00 393.70 0.00 0.79
C1 c 70.18 83.88 10.00 27.38 114.69 17.12 0.00
C2 c 59.91 29.10 7.00 118.10 231.09 17.12 0.00
C3 c 94.15 77.03 13.00 39.36 179.74 17.12 0.00
C4 c 94.15 34.23 19.00 148.92 234.51 17.12 0.00
C5 c 25.68 51.35 26.00 220.81 340.64 17.12 0.00
C6 c 42.79 51.35 3.00 112.97 229.38 17.12 0.00
C7 c 34.23 85.59 5.00 116.39 201.99 17.12 0.00
C8 c 17.12 73.60 9.00 46.21 150.64 17.12 0.00
C9 c 94.15 102.70 16.00 207.11 320.10 17.12 0.00
C10 c 51.35 102.70 16.00 229.37 325.23 17.12 0.00
C11 c 34.23 111.26 12.00 159.19 261.90 17.12 0.00
C12 c 85.59 59.91 19.00 263.60 350.91 17.12 0.00
C13 c 51.35 42.79 23.00 253.33 356.05 17.12 0.00
C14 c 25.68 17.12 20.00 92.43 198.57 17.12 0.00
C15 c 51.35 8.56 8.00 157.47 249.92 17.12 0.00
C16 c 17.12 34.23 19.00 75.31 184.87 17.12 0.00
C17 c 8.56 51.35 2.00 85.58 181.45 17.12 0.00
C18 c 34.23 68.47 12.00 176.30 275.59 17.12 0.00
C19 c 25.68 102.70 17.00 193.42 299.56 17.12 0.00
C20 c 77.03 111.26 9.00 54.77 145.50 17.12 0.00
C21 c 77.03 34.23 11.00 32.52 147.21 17.12 0.00
C22 c 77.03 17.12 18.00 46.21 148.93 17.12 0.00
C23 c 94.15 8.56 29.00 82.16 210.55 17.12 0.00
C24 c 111.26 59.91 3.00 225.94 325.23 17.12 0.00
C25 c 111.26 34.23 6.00 82.16 181.45 17.12 0.00
C26 c 77.03 51.35 17.00 253.33 356.05 17.12 0.00
C27 c 59.91 68.47 16.00 239.64 368.03 17.12 0.00
C28 c 70.18 63.33 16.00 255.04 364.60 17.12 0.00
C29 c 109.55 71.89 9.00 159.19 258.48 17.12 0.00
C30 c 68.47 102.70 21.00 234.50 332.08 17.12 0.00
C31 c 53.06 89.01 27.00 30.81 176.31 17.12 0.00
C32 c 59.91 118.11 23.00 215.67 318.39 17.12 0.00
C33 c 90.72 89.01 11.00 42.79 162.62 17.12 0.00
C34 c 111.26 94.15 14.00 207.11 313.25 17.12 0.00
C35 c 107.84 111.26 8.00 181.44 304.69 17.12 0.00
C36 c 3.42 102.70 5.00 200.27 304.69 17.12 0.00
C37 c 34.23 34.23 8.00 210.54 338.93 17.12 0.00
C38 c 8.56 8.56 16.00 95.85 210.55 17.12 0.00
C39 c 102.70 20.54 31.00 85.58 203.70 17.12 0.00
C40 c 68.47 42.79 9.00 20.54 112.98 17.12 0.00
C41 c 71.89 11.98 5.00 219.10 326.95 17.12 0.00
C42 c 41.08 20.54 5.00 217.39 302.98 17.12 0.00
C43 c 39.37 5.14 7.00 73.60 200.28 17.12 0.00
C44 c 18.83 23.96 18.00 212.25 321.81 17.12 0.00
C45 c 10.27 65.05 16.00 159.19 285.86 17.12 0.00
C46 c 3.42 82.16 1.00 205.40 314.96 17.12 0.00
C47 c 13.69 95.86 27.00 203.69 316.68 17.12 0.00
C48 c 22.25 89.01 36.00 205.40 314.96 17.12 0.00
C49 c 10.27 116.40 30.00 128.38 231.09 17.12 0.00
C50 c 80.45 80.45 13.00 166.03 255.05 17.12 0.00
C51 c 83.88 99.28 10.00 222.52 330.37 17.12 0.00
C52 c 46.22 73.60 9.00 138.65 258.48 17.12 0.00
C53 c 63.33 53.06 14.00 241.35 347.49 17.12 0.00
C54 c 97.57 49.64 18.00 107.83 210.55 17.12 0.00
C55 c 107.84 39.37 2.00 83.87 207.12 17.12 0.00
C56 c 90.72 20.54 6.00 51.35 167.76 17.12 0.00
C57 c 54.78 20.54 7.00 234.50 335.51 17.12 0.00
C58 c 61.62 44.51 18.00 150.63 249.92 17.12 0.00
C59 c 35.95 41.08 28.00 130.09 232.80 17.12 0.00
C60 c 29.10 58.20 3.00 32.52 140.37 17.12 0.00
C61 c 20.54 41.08 13.00 44.50 191.72 17.12 0.00
C62 c 41.08 99.28 19.00 44.50 148.93 17.12 0.00
C63 c 46.22 118.11 10.00 174.59 294.42 17.12 0.00
C64 c 25.68 131.80 9.00 176.30 272.17 17.12 0.00
C65 c 106.13 131.80 20.00 116.39 212.26 17.12 0.00
C66 c 83.88 124.96 25.00 157.47 270.46 17.12 0.00
C67 c 114.69 8.56 25.00 124.95 231.09 17.12 0.00
C68 c 95.86 66.76 36.00 49.64 162.62 17.12 0.00
C69 c 63.33 80.45 6.00 215.67 318.39 17.12 0.00
C70 c 63.33 95.86 5.00 46.21 138.66 17.12 0.00
C71 c 97.57 116.40 15.00 219.10 308.12 17.12 0.00
C72 c 80.45 27.39 25.00 142.07 255.05 17.12 0.00
C73 c 75.32 29.10 9.00 198.56 284.15 17.12 0.00
C74 c 78.74 22.25 8.00 42.79 135.23 17.12 0.00
C75 c 83.88 18.83 18.00 63.33 155.77 17.12 0.00
C76 c 83.88 71.89 13.00 243.06 349.20 17.12 0.00
C77 c 90.72 73.60 14.00 210.54 320.10 17.12 0.00
C78 c 104.42 89.01 3.00 106.12 232.80 17.12 0.00
C79 c 97.57 82.16 23.00 111.26 213.97 17.12 0.00
C80 c 95.86 63.33 6.00 133.51 253.34 17.12 0.00
C81 c 94.15 92.43 26.00 47.92 145.50 17.12 0.00
C82 c 25.68 80.45 16.00 239.64 335.51 17.12 0.00
C83 c 23.96 63.33 11.00 201.98 308.12 17.12 0.00
C84 c 18.83 53.06 7.00 118.10 227.67 17.12 0.00
C85 c 27.39 37.66 41.00 100.99 234.51 17.12 0.00
C86 c 6.85 30.81 35.00 234.50 313.25 17.12 0.00
C87 c 47.93 30.81 26.00 258.47 326.95 17.12 0.00
C88 c 44.51 89.01 9.00 229.37 342.35 17.12 0.00
C89 c 44.51 59.91 15.00 29.09 142.08 17.12 0.00
C90 c 53.06 114.69 3.00 160.90 256.77 17.12 0.00
C91 c 25.68 32.52 1.00 99.28 215.68 17.12 0.00
C92 c 37.66 37.66 2.00 157.47 284.15 17.12 0.00
C93 c 30.81 41.08 22.00 159.19 244.78 17.12 0.00
C94 c 44.51 46.22 27.00 256.76 354.33 17.12 0.00
C95 c 42.79 41.08 20.00 188.29 308.12 17.12 0.00
C96 c 37.66 46.22 11.00 27.38 111.27 17.12 0.00
C97 c 42.79 35.95 12.00 210.54 292.71 17.12 0.00
C98 c 32.52 35.95 10.00 136.93 236.22 17.12 0.00
C99 c 34.23 44.51 9.00 200.27 289.29 17.12 0.00
C100 c 30.81 30.81 17.00 126.66 191.72 17.12 0.00

id name type capacity fuel battery energy cost 
1 Small|ICEV ICEV 100.00 0.19 0.00 0.00 153.00
2 Medium|ICEV ICEV 150.00 0.24 0.00 0.00 159.00
3 Large|ICEV ICEV 200.00 0.30 0.00 0.00 169.00
4 Small|PHEV PHEV 100.00 0.22 16.29 0.71 159.00
5 Medium|PHEV PHEV 150.00 0.28 23.28 0.88 166.00
6 Large|PHEV PHEV 200.00 0.32 30.26 0.95 178.00
7 Small|BEV BEV 100.00 0.00 46.55 0.76 159.00
8 Medium|BEV BEV 150.00 0.00 55.86 0.93 167.00
9 Large|BEV BEV 200.00 0.00 65.17 1.00 179.00

costOf value
fossil-fuel 2.0
electricity 0.3
