stringID type x y demand readytime duedate servicetime rechargingrate 
D0 d 55.99 69.99 0.00 0.00 335.97 0.00 0.00
S0 f 55.99 69.99 0.00 0.00 335.97 0.00 0.53
S1 f 102.19 72.79 0.00 0.00 335.97 0.00 0.53
S2 f 125.99 76.99 0.00 0.00 335.97 0.00 0.53
S3 f 76.99 110.59 0.00 0.00 335.97 0.00 0.53
S4 f 96.59 124.59 0.00 0.00 335.97 0.00 0.53
S5 f 44.80 111.99 0.00 0.00 335.97 0.00 0.53
S6 f 54.59 134.39 0.00 0.00 335.97 0.00 0.53
S7 f 32.20 111.99 0.00 0.00 335.97 0.00 0.53
S8 f 5.60 116.19 0.00 0.00 335.97 0.00 0.53
S9 f 25.20 81.19 0.00 0.00 335.97 0.00 0.53
S10 f 1.40 78.39 0.00 0.00 335.97 0.00 0.53
S11 f 18.20 43.40 0.00 0.00 335.97 0.00 0.53
S12 f -7.00 53.19 0.00 0.00 335.97 0.00 0.53
S13 f 36.40 51.79 0.00 0.00 335.97 0.00 0.53
S14 f 39.20 18.20 0.00 0.00 335.97 0.00 0.53
S15 f 54.59 43.40 0.00 0.00 335.97 0.00 0.53
S16 f 67.19 15.40 0.00 0.00 335.97 0.00 0.53
S17 f 82.59 23.80 0.00 0.00 335.97 0.00 0.53
S18 f 102.19 32.20 0.00 0.00 335.97 0.00 0.53
S19 f 103.59 44.80 0.00 0.00 335.97 0.00 0.53
S20 f 125.99 61.59 0.00 0.00 335.97 0.00 0.53
C1 c 35.00 118.99 20.00 225.37 267.38 14.00 0.00
C2 c 30.80 104.99 30.00 0.00 278.57 14.00 0.00
C3 c 30.80 118.99 10.00 0.00 265.98 14.00 0.00
C4 c 28.00 111.99 40.00 85.39 127.39 14.00 0.00
C5 c 28.00 118.99 20.00 0.00 264.58 14.00 0.00
C6 c 25.20 104.99 20.00 0.00 274.37 14.00 0.00
C7 c 21.00 104.99 20.00 142.78 184.78 14.00 0.00
C8 c 21.00 111.99 10.00 132.98 174.99 14.00 0.00
C9 c 14.00 48.99 20.00 0.00 274.37 14.00 0.00
C10 c 14.00 55.99 30.00 0.00 277.17 14.00 0.00
C11 c 11.20 55.99 40.00 0.00 274.37 14.00 0.00
C12 c 11.20 62.99 20.00 155.38 197.38 14.00 0.00
C13 c 7.00 48.99 10.00 0.00 267.38 14.00 0.00
C14 c 7.00 62.99 10.00 0.00 271.58 14.00 0.00
C15 c 2.80 55.99 20.00 144.18 186.18 14.00 0.00
C16 c 0.00 55.99 20.00 215.57 257.58 14.00 0.00
C17 c 0.00 62.99 20.00 222.57 264.58 14.00 0.00
C18 c 61.59 7.00 20.00 0.00 257.58 14.00 0.00
C19 c 58.79 14.00 40.00 0.00 264.58 14.00 0.00
C20 c 58.79 21.00 10.00 166.58 208.58 14.00 0.00
C21 c 55.99 7.00 10.00 0.00 258.98 14.00 0.00
C22 c 55.99 21.00 40.00 0.00 272.98 14.00 0.00
C23 c 53.19 7.00 30.00 0.00 257.58 14.00 0.00
C24 c 53.19 21.00 10.00 0.00 271.58 14.00 0.00
C25 c 48.99 7.00 20.00 0.00 257.58 14.00 0.00
C26 c 132.99 42.00 30.00 0.00 239.38 14.00 0.00
C27 c 132.99 48.99 20.00 198.77 240.78 14.00 0.00
C28 c 128.79 42.00 10.00 0.00 243.58 14.00 0.00
C29 c 125.99 48.99 10.00 179.18 221.18 14.00 0.00
C30 c 123.19 42.00 10.00 180.58 222.58 14.00 0.00
C31 c 123.19 48.99 20.00 0.00 250.58 14.00 0.00
C32 c 121.79 42.00 10.00 0.00 249.18 14.00 0.00
C33 c 118.99 35.00 10.00 0.00 249.18 14.00 0.00
C34 c 118.99 48.99 30.00 0.00 254.78 14.00 0.00
C35 c 93.79 118.99 20.00 0.00 258.98 14.00 0.00
C36 c 90.99 118.99 40.00 79.79 121.79 14.00 0.00
C37 c 90.99 114.79 10.00 78.39 120.39 14.00 0.00
C38 c 86.79 111.99 30.00 125.98 167.99 14.00 0.00
C39 c 83.99 111.99 10.00 139.98 181.99 14.00 0.00
C40 c 83.99 118.99 30.00 219.77 261.78 14.00 0.00
C41 c 81.19 104.99 20.00 153.98 195.98 14.00 0.00
C42 c 76.99 111.99 10.00 47.59 89.60 14.00 0.00
C43 c 76.99 118.99 20.00 0.00 267.38 14.00 0.00
C44 c 76.99 114.79 10.00 50.39 92.39 14.00 0.00
C45 c 28.00 114.79 10.00 0.00 268.78 14.00 0.00
C46 c 25.20 111.99 10.00 180.58 222.58 14.00 0.00
C47 c 2.80 62.99 10.00 0.00 267.38 14.00 0.00
C48 c 58.79 7.00 10.00 0.00 257.58 14.00 0.00
C49 c 58.79 16.80 10.00 0.00 267.38 14.00 0.00
C50 c 100.79 48.99 30.00 0.00 271.58 14.00 0.00
C51 c 76.99 28.00 19.00 0.00 274.37 14.00 0.00
C52 c 35.00 42.00 3.00 81.19 123.19 14.00 0.00
C53 c 28.00 69.99 5.00 0.00 293.97 14.00 0.00
C54 c 76.99 83.99 16.00 237.97 279.97 14.00 0.00
C55 c 42.00 83.99 16.00 0.00 300.97 14.00 0.00
C56 c 69.99 48.99 19.00 186.17 228.18 14.00 0.00
C57 c 42.00 35.00 23.00 37.79 79.80 14.00 0.00
C58 c 21.00 14.00 20.00 0.00 254.78 14.00 0.00
C59 c 14.00 28.00 19.00 0.00 261.78 14.00 0.00
C60 c 21.00 83.99 17.00 0.00 284.17 14.00 0.00
C61 c 62.99 90.99 9.00 257.57 299.57 14.00 0.00
C62 c 90.99 48.99 3.00 0.00 279.97 14.00 0.00
C63 c 90.99 28.00 6.00 0.00 265.98 14.00 0.00
C64 c 62.99 42.00 17.00 90.99 132.99 14.00 0.00
C65 c 48.99 55.99 16.00 43.39 85.40 14.00 0.00
C66 c 57.39 51.79 16.00 19.59 61.60 14.00 0.00
C67 c 89.59 58.79 9.00 0.00 285.57 14.00 0.00
C68 c 55.99 83.99 21.00 138.58 180.59 14.00 0.00
C69 c 43.40 72.79 27.00 13.99 56.00 14.00 0.00
C70 c 48.99 96.59 23.00 0.00 293.97 14.00 0.00
C71 c 90.99 76.99 14.00 69.99 111.99 14.00 0.00
C72 c 88.19 90.99 8.00 148.38 190.38 14.00 0.00
C73 c 2.80 83.99 5.00 132.98 174.99 14.00 0.00
C74 c 28.00 28.00 8.00 0.00 270.18 14.00 0.00
C75 c 7.00 7.00 16.00 0.00 221.18 14.00 0.00
C76 c 83.99 16.80 31.00 76.99 118.99 14.00 0.00
C77 c 32.20 4.20 7.00 125.98 167.99 14.00 0.00
C78 c 11.20 78.39 27.00 107.78 149.79 14.00 0.00
C79 c 8.40 95.19 30.00 74.19 116.19 14.00 0.00
C80 c 65.79 65.79 13.00 0.00 310.77 14.00 0.00
C81 c 68.59 81.19 10.00 0.00 303.77 14.00 0.00
C82 c 37.80 60.19 9.00 159.58 201.58 14.00 0.00
C83 c 51.79 43.40 14.00 0.00 293.97 14.00 0.00
C84 c 79.79 40.60 18.00 102.18 144.19 14.00 0.00
C85 c 88.19 32.20 2.00 90.99 132.99 14.00 0.00
C86 c 29.40 33.60 28.00 209.97 251.98 14.00 0.00
C87 c 16.80 33.60 13.00 81.19 123.19 14.00 0.00
C88 c 33.60 81.19 19.00 131.58 173.59 14.00 0.00
C89 c 93.79 7.00 25.00 180.58 222.58 14.00 0.00
C90 c 51.79 65.79 6.00 202.97 244.98 14.00 0.00
C91 c 68.59 58.79 13.00 106.38 148.39 14.00 0.00
C92 c 74.19 60.19 14.00 195.97 237.98 14.00 0.00
C93 c 85.39 72.79 3.00 0.00 291.17 14.00 0.00
C94 c 79.79 67.19 23.00 0.00 296.77 14.00 0.00
C95 c 78.39 51.79 6.00 0.00 292.57 14.00 0.00
C96 c 76.99 75.59 26.00 249.17 291.17 14.00 0.00
C97 c 5.60 25.20 35.00 0.00 253.38 14.00 0.00
C98 c 36.40 72.79 9.00 0.00 300.97 14.00 0.00
C99 c 36.40 48.99 15.00 71.39 113.39 14.00 0.00
C100 c 43.40 93.79 3.00 0.00 293.97 14.00 0.00

id name type capacity fuel battery energy cost 
1 Small|ICEV ICEV 100.00 0.19 0.00 0.00 153.00
2 Medium|ICEV ICEV 150.00 0.24 0.00 0.00 159.00
3 Large|ICEV ICEV 200.00 0.30 0.00 0.00 169.00
4 Small|PHEV PHEV 100.00 0.22 19.92 0.71 159.00
5 Medium|PHEV PHEV 150.00 0.28 28.46 0.88 166.00
6 Large|PHEV PHEV 200.00 0.32 37.00 0.95 178.00
7 Small|BEV BEV 100.00 0.00 56.92 0.76 159.00
8 Medium|BEV BEV 150.00 0.00 68.31 0.93 167.00
9 Large|BEV BEV 200.00 0.00 79.69 1.00 179.00

costOf value
fossil-fuel 2.0
electricity 0.3
